Iterations: 50, Average steps: 100.74, Average reward: -405.6590542999378
Iterations: 100, Average steps: 95.16, Average reward: -395.54256181103375
